0.00,11.00,23.50
1.00,11.06,23.60
2.00,11.06,23.50
3.00,11.13,23.50
4.00,11.19,23.50
5.00,11.25,23.40
6.00,11.31,23.50
7.00,11.38,23.30
8.00,11.44,23.40
9.00,11.50,23.60
10.00,11.56,23.50
11.00,11.63,23.60
12.00,11.69,23.70
13.00,11.75,23.60
14.00,11.81,23.50
15.00,11.94,23.60
16.00,12.00,23.60
17.00,12.06,23.60
18.00,12.13,23.50
19.00,12.19,23.50
20.00,12.31,23.50
21.00,12.38,23.70
22.00,12.44,23.70
23.00,12.50,23.60
24.00,12.56,23.60
25.00,12.63,23.80
26.00,12.75,23.70
27.00,12.81,23.70
28.00,12.88,23.70
29.00,12.94,23.70
30.00,13.00,23.50
31.00,13.06,23.80
32.00,13.19,23.50
33.00,13.25,23.70
34.00,13.31,23.80
35.00,13.38,23.80
36.00,13.44,24.00
37.00,13.50,23.90
38.00,13.56,23.90
39.00,13.69,23.80
40.00,13.75,23.90
41.00,13.81,23.60
42.00,13.88,23.80
43.00,13.94,23.90
44.00,14.00,23.80
45.00,14.06,23.80
46.00,14.19,23.90
47.00,14.25,23.90
48.00,14.31,23.90
49.00,14.38,23.80
50.00,14.44,23.80
51.00,14.50,23.90
52.00,14.56,23.90
53.00,14.63,24.10
54.00,14.69,23.80
55.00,14.75,23.80
56.00,14.81,24.00
57.00,14.94,23.90
58.00,15.00,23.70
59.00,15.06,23.50
60.00,15.13,23.40
61.00,15.19,23.30
62.00,15.19,23.30
63.00,15.31,23.10
64.00,15.31,23.50
65.00,15.38,23.20
66.00,15.44,23.50
67.00,15.50,23.30
69.00,15.56,23.40
70.00,15.63,23.40
71.00,15.69,23.40
72.00,15.75,23.40
73.00,15.75,23.40
74.00,15.81,23.40
75.00,15.88,23.50
76.00,15.94,23.50
77.00,16.00,23.30
78.00,16.06,23.40
79.00,16.12,23.40
80.00,16.19,23.50
81.00,16.19,23.60
82.00,16.25,23.30
83.00,16.31,23.50
84.00,16.37,23.40
85.00,16.44,23.50
86.00,16.44,23.50
87.00,16.50,23.50
88.00,16.56,23.50
89.00,16.62,23.40
90.00,16.69,23.40
91.00,16.69,23.50
92.00,16.75,23.40
93.00,16.81,23.30
94.00,16.87,23.30
95.00,16.87,23.30
96.00,16.94,23.30
97.00,17.00,23.10
98.00,17.06,23.40
99.00,17.06,23.30
100.00,17.12,23.30
101.00,17.19,23.30
102.00,17.25,23.30
103.00,17.25,23.30
104.00,17.31,23.30
105.00,17.37,23.10
106.00,17.37,23.30
107.00,17.44,23.30
108.00,17.44,23.20
109.00,17.50,23.30
110.00,17.56,23.30
111.00,17.62,23.30
112.00,17.62,23.20
113.00,17.69,23.00
114.00,17.75,23.30
115.00,17.75,23.20
116.00,17.81,23.20
117.00,17.81,23.20
118.00,17.87,23.20
119.00,17.94,23.20
120.00,17.94,23.10
121.00,18.00,23.20
122.00,18.00,23.10
123.00,18.06,23.00
124.00,18.12,23.00
125.00,18.12,23.10
126.00,18.19,23.30
127.00,18.19,23.10
128.00,18.25,23.10
129.00,18.25,23.10
130.00,18.31,22.90
131.00,18.37,22.80
132.00,18.37,23.00
133.00,18.44,23.00
134.00,18.44,23.30
135.00,18.50,23.00
136.00,18.50,23.00
137.00,18.56,23.00
138.00,18.56,23.00
139.00,18.62,23.00
140.00,18.62,23.00
141.00,18.69,22.80
142.00,18.69,23.00
143.00,18.75,23.00
144.00,18.75,23.00
145.00,18.81,23.00
146.00,18.81,23.00
147.00,18.81,23.00
148.00,18.87,23.00
149.00,18.87,22.90
150.00,18.94,22.80
151.00,18.94,22.90
152.00,19.00,22.80
154.00,19.00,22.90
155.00,19.06,22.80
156.00,19.06,22.90
157.00,19.06,22.80
158.00,19.12,22.80
159.00,19.12,22.70
160.00,19.19,22.80
161.00,19.19,22.70
162.00,19.19,22.80
163.00,19.25,22.80
164.00,19.25,22.80
165.00,19.31,22.80
166.00,19.31,22.80
167.00,19.31,22.80
168.00,19.37,22.80
169.00,19.37,22.70
170.00,19.44,22.80
171.00,19.44,22.80
172.00,19.44,22.80
173.00,19.50,22.80
174.00,19.50,22.60
175.00,19.56,22.80
176.00,19.56,22.70
177.00,19.56,22.70
178.00,19.56,22.70
179.00,19.62,22.70
180.00,19.62,22.80
181.00,19.62,22.70
182.00,19.69,22.70
183.00,19.69,22.70
184.00,19.69,22.50
185.00,19.75,22.70
186.00,19.75,22.70
187.00,19.75,22.50
188.00,19.81,22.70
189.00,19.81,22.50
190.00,19.87,22.60
191.00,19.87,22.50
192.00,19.87,22.70
193.00,19.87,22.60
194.00,19.94,22.60
195.00,19.94,22.40
196.00,19.94,22.70
197.00,20.00,22.60
198.00,20.00,22.60
199.00,20.00,22.50
200.00,20.00,22.60
201.00,20.00,22.60
202.00,20.06,22.60
203.00,20.06,22.70
204.00,20.06,22.70
205.00,20.12,22.50
206.00,20.12,22.50
207.00,20.12,22.50
208.00,20.12,22.50
209.00,20.19,22.60
210.00,20.19,22.60
211.00,20.19,22.50
212.00,20.19,22.40
213.00,20.25,22.60
214.00,20.25,22.40
215.00,20.25,22.40
216.00,20.25,22.50
217.00,20.31,22.50
218.00,20.31,22.60
219.00,20.31,22.50
220.00,20.31,22.30
221.00,20.37,22.50
222.00,20.37,22.50
223.00,20.37,22.70
224.00,20.37,22.50
225.00,20.37,22.50
226.00,20.44,22.50
227.00,20.44,22.50
228.00,20.44,22.50
229.00,20.44,22.50
230.00,20.44,22.50
231.00,20.50,22.50
232.00,20.50,22.40
233.00,20.50,22.40
234.00,20.50,22.40
235.00,20.56,22.40
236.00,20.56,22.20
237.00,20.56,22.40
239.00,20.56,22.20
240.00,20.56,22.20
241.00,20.56,22.40
242.00,20.62,22.40
243.00,20.62,22.40
244.00,20.62,22.40
245.00,20.62,22.40
246.00,20.62,22.40
247.00,20.69,22.50
248.00,20.69,22.40
249.00,20.69,22.40
250.00,20.69,22.40
251.00,20.69,22.40
252.00,20.69,22.40
253.00,20.69,22.40
254.00,20.75,22.40
255.00,20.75,22.20
256.00,20.75,22.60
257.00,20.75,22.40
258.00,20.75,22.40
259.00,20.75,22.10
260.00,20.75,22.40
261.00,20.75,22.30
262.00,20.81,22.30
263.00,20.81,22.30
264.00,20.81,22.40
265.00,20.81,22.30
266.00,20.81,22.40
267.00,20.81,22.40
268.00,20.81,22.30
269.00,20.87,22.30
270.00,20.87,22.30
271.00,20.87,22.30
272.00,20.87,22.30
273.00,20.87,22.30
274.00,20.87,22.40
275.00,20.87,22.30
276.00,20.94,22.40
277.00,20.87,22.30
278.00,20.94,22.50
279.00,20.94,22.30
280.00,20.94,22.40
281.00,20.94,22.10
282.00,20.94,22.20
283.00,20.94,22.20
284.00,20.94,22.10
285.00,20.94,22.20
286.00,20.94,22.10
287.00,20.94,22.10
288.00,20.94,22.10
289.00,21.00,22.10
290.00,21.00,22.00
291.00,21.00,22.00
292.00,21.00,22.10
293.00,21.00,22.10
294.00,21.00,22.00
295.00,21.00,22.20
296.00,21.00,21.90
297.00,21.00,22.00
298.00,21.00,22.30
299.00,21.00,22.10
300.00,21.00,22.00
301.00,21.00,22.10
302.00,21.00,22.10
303.00,21.00,21.90
304.00,21.00,22.10
305.00,21.06,22.10
306.00,21.00,22.20
307.00,21.06,22.10
308.00,21.06,22.00
309.00,21.06,22.10
310.00,21.06,21.90
311.00,21.06,21.90
312.00,21.06,22.10
313.00,21.06,22.10
314.00,21.06,22.10
315.00,21.06,22.30
316.00,21.06,22.10
317.00,21.06,22.30
318.00,21.06,22.10
319.00,21.06,22.00
320.00,21.06,22.10
321.00,21.06,22.10
322.00,21.06,22.10
324.00,21.06,22.10
325.00,21.06,22.10
326.00,21.06,22.00
327.00,21.06,22.00
328.00,21.06,22.00
329.00,21.06,22.10
330.00,21.12,22.00
331.00,21.06,21.90
332.00,21.06,22.10
333.00,21.12,21.90
334.00,21.06,22.10
335.00,21.06,22.10
336.00,21.06,22.00
337.00,21.06,22.00
338.00,21.06,21.90
339.00,21.06,22.00
340.00,21.06,21.90
341.00,21.06,22.00
342.00,21.12,22.00
343.00,21.06,21.90
344.00,21.12,22.20
345.00,21.06,22.00
346.00,21.12,21.90
351.00,21.06,22.20
352.00,21.06,22.00
353.00,21.12,22.00
355.00,21.12,22.00
356.00,21.12,22.00
357.00,21.12,22.20
359.00,21.12,22.00
360.00,21.12,21.90
361.00,21.12,21.90
362.00,21.12,21.90
363.00,21.12,21.90
364.00,21.12,21.80
365.00,21.12,22.10
366.00,21.12,22.00
367.00,21.06,22.10
368.00,21.12,21.80
369.00,21.12,22.00
370.00,21.06,21.90
371.00,21.12,21.90
372.00,21.12,21.90
373.00,21.12,22.00
374.00,21.12,21.90
375.00,21.12,21.90
376.00,21.12,22.00
377.00,21.12,22.00
378.00,21.12,21.90
379.00,21.12,22.00
380.00,21.06,22.00